0.084735
0.086596
0.089399
0.092829
0.098843
0.099048
0.099320
0.099951
0.100763
0.103288
0.105064
0.105725
0.106379
0.106761
0.107854
0.108028
0.109471
0.109668
0.111044
0.111477
0.114410
0.115041
0.115278
0.115324
0.115899
0.116435
0.116470
0.117619
0.118732
0.119370
0.121094
0.122588
0.123432
0.124040
0.125527
0.126619
0.127765
0.127971
0.128083
0.130686
0.131837
0.131888
0.132730
0.132948
0.133102
0.133214
0.133275
0.133474
0.133775
0.133948
0.134064
0.134688
0.134999
0.135596
0.135989
0.136761
0.137196
0.137738
0.137929
0.137956
0.138282
0.138840
0.139910
0.141522
0.142504
0.142524
0.143082
0.143163
0.143326
0.143601
0.144131
0.144356
0.144531
0.144938
0.144971
0.145038
0.145443
0.145687
0.146326
0.147107
0.147696
0.147745
0.147850
0.147944
0.147956
0.148090
0.148961
0.149013
0.149064
0.149138
0.149258
0.149321
0.149496
0.149854
0.150114
0.150813
0.151464
0.151765
0.153193
0.153522
