58480
10236
59031
16807
48696
10335
16081
97101
8731
49595
3652
5208
24657
65773
96814
22291
84051
78714
19802
4669
55113
10027
13762
60962
48865
46744
27567
2033
40829
36309
60132
48440
44933
43625
85240
93687
39980
6693
31909
81450
85181
6579
35861
71591
57834
1585
23181
78204
6678
44775
15131
78779
77746
78176
38897
55076
34633
29812
25433
7269
21955
16412
61725
41660
96447
4061
26452
73070
52173
6687
29738
35526
97356
56367
23579
15117
47621
30391
79471
6014
16570
66936
55479
51548
23036
45972
46871
46047
84845
43447
12482
43959
28938
79284
68493
67701
42018
61152
71547
69322
