0.4507721709562699
0.9654826896593595
0.7583613402006503
0.6359205345943622
0.47877217768762914
1.2902029062562264
0.6271170891090162
1.179968156642113
1.3094231339895024
0.5479019506153113
1.0688242729364381
0.5999761403636992
0.8288077596873384
0.5332210606660123
0.5525073364218895
0.757066825936249
0.4484576811700204
0.8041864041126414
1.0557879710429774
0.6876878477923702
1.2431357624820327
0.8005994865509114
1.165264688436817
0.6087979327099203
0.7470945944205349
1.1853367164593531
0.5000307725226099
1.1424971461443794
0.7695984823871915
0.5899516519678445
0.5680690385147047
0.8267400529970919
0.8150761596226288
0.8783447118030785
0.6469592694798179
0.6516185448616456
0.5250233313145154
1.0574599870553092
0.639647862215383
1.3985534683999532
1.0946228842767736
0.55533286502469
1.3539544367439178
0.6280212616803764
0.7535995150089116
0.584992248977754
0.6336144584240051
0.8107325653202797
0.7433603506915375
0.7093709507157322
0.9088139792555789
0.604786472592403
1.2879360509818882
0.6591918987469082
1.0644109419958983
0.6116979379271962
0.5660773648147348
1.2376169709712097
0.5723624210831484
1.0999435332836076
0.705880221106984
0.6079585262354184
0.5435917555898694
0.7604614458766299
0.6901626454790066
0.6666057705923769
0.5884162783945728
0.6683498975295581
0.8484783370801576
0.6340986881899415
1.131490702438552
0.6528640028356709
0.6181991406890572
0.9469426904292
0.5715179680129372
1.1161687530412006
0.6796583753834601
0.534390586077713
0.7336789602853931
0.550301714736811
0.7034465339124724
0.5998502219591291
0.648707123746864
0.6739253590388837
0.7600145287070317
1.0039502298608594
0.7699403232692436
0.9229608051458227
1.0890772889069527
0.7474328397547504
0.8961545743726222
0.806271082108054
0.6119272929339715
0.8521737011215957
0.5866673236116493
0.42656783966172257
0.8201557642725811
0.5323516409179639
0.4949680275064563
0.7878139634329671
1.01247207813846
0.753014601360791
0.9033406419394864
0.7739094266107591
0.6459212811973161
0.9819997879088653
0.7503519665647395
1.0112021998220564
0.4379694878778073
0.6114314016092739
0.7963531628992124
0.65588966777406
0.615773355099159
0.6113054890957665
0.5494216812632725
0.6948694467950378
0.6420433250523234
0.8405847738796408
0.6694971552883802
0.911475246474284
0.8665530059740566
0.6407624008804625
1.1544000541178456
0.758471222786904
0.536070143224959
0.7535089359597438
0.5618639306201649
0.7327757779558537
