0.068425
0.069218
0.073318
0.074212
0.077677
0.094464
0.095251
0.095530
0.096218
0.101039
0.101128
0.102525
0.103722
0.103948
0.104778
0.105281
0.108557
0.108605
0.109061
0.109814
0.109944
0.110259
0.111225
0.112995
0.114321
0.114769
0.115532
0.116789
0.117113
0.117390
0.117860
0.117888
0.118135
0.118259
0.118449
0.119367
0.119495
0.119566
0.120045
0.120642
0.121520
0.121667
0.122787
0.122899
0.124200
0.124625
0.125474
0.126398
0.126464
0.126761
0.127562
0.127757
0.128151
0.128872
0.129159
0.129456
0.130465
0.130509
0.131171
0.131376
0.131500
0.132548
0.132769
0.134270
0.134472
0.134854
0.134888
0.135964
0.136916
0.137720
0.138023
0.138581
0.138928
0.139154
0.139248
0.139573
0.139671
0.139736
0.139817
0.139873
0.140069
0.140259
0.140274
0.140309
0.140370
0.140486
0.140656
0.141042
0.141121
0.141324
0.141855
0.142579
0.142818
0.143204
0.143207
0.143225
0.143385
0.143436
0.143512
0.143666
