54003
1821
67382
33136
27871
84315
58289
45982
3639
44933
33096
21759
57384
80857
64069
96135
83745
59580
50711
97270
3210
95047
80015
4136
93973
80446
7006
79756
90460
8017
55753
97631
19882
98025
36951
7942
86750
11275
73373
65848
55967
89811
75201
98538
62693
50381
53660
84638
41284
74863
31848
97933
18320
81962
97891
54314
77943
67951
43867
19036
12260
73114
61268
41350
67845
84907
50687
95126
99510
27676
63789
94304
97117
92069
65048
18396
85210
84853
13733
73019
6615
49077
15275
70932
9271
25660
18737
87965
72244
76886
49117
61058
9011
20310
8841
47345
16633
5072
46418
43404
