1.1190644526683375
1.7592386898724592
1.1934762854342595
1.7276458232187455
1.819401787588326
1.1525187237921104
1.8113700880151071
1.1720413231815807
1.5832158344538627
1.3048286446339858
1.7462889369708507
1.5527625961174516
1.3868139631808256
1.8134233173976495
1.149631470791914
1.3981483675264605
1.3070197468021572
1.2470702856439517
1.7440383946221207
1.6708243371105953
1.593367946544132
1.8134233173976495
1.149631470791914
1.386144720402293
1.2930866053430095
1.7588190027920858
1.1786400095963152
1.6373402940295338
1.5941630967978153
1.1525187237921104
1.8113700880151071
1.4182891203481314
